numero_muestra,distancia_objeto,distancia_imagen
1,112.5,56.4
1,112.5,56.8
1,112.5,56.3
1,112.5,56.5
1,112.5,56.5
1,112.5,57.1
2,100.5,47.3
2,100.5,46.1
2,100.5,47.0
2,100.5,48.1
2,100.5,48.5
2,100.5,48.0
3,95.2,26.5
3,95.2,25.0
3,95.2,25.5
3,95.2,30.5
3,95.2,32.6
4,123.3,58.8
4,123.3,59.0
4,123.3,58.9
4,123.3,59.2
4,123.3,59.5
4,123.3,60.0
5,106,53.6
5,106,53.3
5,106,54.2
5,106,53.6
5,106,54.3
5,106,53.9
6,94.7,26.5
6,94.7,24.4
6,94.7,29.2
6,94.7,30.0
6,94.7,29.6
6,94.7,29.7
7,103.5,51.4
7,103.5,51.3
7,103.5,51.8
7,103.5,51.6
7,103.5,52.1
7,103.5,51.9
8,115.4,58.0
8,115.4,57.3
8,115.4,57.5
8,115.4,57.7
8,115.4,57.8
8,115.4,57.8
9,106.1,53.3
9,106.1,53.1
9,106.1,53.9
9,106.1,53.9
9,106.1,54.3
9,106.1,54.5
